0.0000e+00 -3.1458e+00
1.0000e+00 -3.3222e+00
2.0000e+00 -3.6456e+00
3.0000e+00 -3.6162e+00
4.0000e+00 -3.6750e+00
5.0000e+00 -3.6260e+00
6.0000e+00 -3.6456e+00
7.0000e+00 -3.6358e+00
8.0000e+00 -3.7632e+00
9.0000e+00 -3.5868e+00
1.0000e+01 -3.6456e+00
1.1000e+01 -3.4398e+00
1.2000e+01 -3.3222e+00
1.3000e+01 -2.9890e+00
1.4000e+01 -2.8518e+00
1.5000e+01 -2.7832e+00
1.6000e+01 -2.4990e+00
1.7000e+01 -2.2932e+00
1.8000e+01 -2.2442e+00
1.9000e+01 -2.1756e+00
2.0000e+01 -1.7052e+00
2.1000e+01 -1.5876e+00
2.2000e+01 -1.2936e+00
2.3000e+01 -1.3230e+00
2.4000e+01 -7.4480e-01
2.5000e+01 -8.2320e-01
2.6000e+01 -4.9980e-01
2.7000e+01 -3.3320e-01
2.8000e+01 -1.3720e-01
2.9000e+01  2.1560e-01
3.0000e+01  3.8220e-01
3.1000e+01  5.6840e-01
3.2000e+01  8.5260e-01
3.3000e+01  1.1368e+00
3.4000e+01  1.2544e+00
3.5000e+01  1.4112e+00
3.6000e+01  1.6366e+00
3.7000e+01  1.8228e+00
3.8000e+01  2.0286e+00
3.9000e+01  2.3128e+00
4.0000e+01  2.5382e+00
4.1000e+01  2.5774e+00
4.2000e+01  2.7342e+00
4.3000e+01  3.0478e+00
4.4000e+01  3.0870e+00
4.5000e+01  3.3418e+00
4.6000e+01  3.3418e+00
4.7000e+01  3.4202e+00
4.8000e+01  3.5280e+00
4.9000e+01  3.6652e+00
5.0000e+01  3.8416e+00
5.1000e+01  3.9592e+00
5.2000e+01  3.9102e+00
5.3000e+01  4.1650e+00
5.4000e+01  4.1552e+00
5.5000e+01  4.3120e+00
5.6000e+01  4.2630e+00
5.7000e+01  4.4492e+00
5.8000e+01  4.4982e+00
5.9000e+01  4.4688e+00
6.0000e+01  4.5962e+00
6.1000e+01  4.6060e+00
6.2000e+01  4.7040e+00
6.3000e+01  4.5864e+00
6.4000e+01  4.4884e+00
6.5000e+01  4.5276e+00
6.6000e+01  4.5570e+00
6.7000e+01  4.4100e+00
6.8000e+01  4.5080e+00
6.9000e+01  4.4100e+00
7.0000e+01  4.3512e+00
7.1000e+01  4.2826e+00
7.2000e+01  4.2434e+00
7.3000e+01  4.2042e+00
7.4000e+01  4.1062e+00
7.5000e+01  3.8318e+00
7.6000e+01  3.8906e+00
7.7000e+01  3.6750e+00
7.8000e+01  3.4986e+00
7.9000e+01  3.4398e+00
8.0000e+01  3.3712e+00
8.1000e+01  2.8910e+00
8.2000e+01  2.7048e+00
8.3000e+01  2.7342e+00
8.4000e+01  2.3128e+00
8.5000e+01  2.0286e+00
8.6000e+01  1.7836e+00
8.7000e+01  1.4798e+00
8.8000e+01  1.3524e+00
8.9000e+01  1.0878e+00
9.0000e+01  6.0760e-01
9.1000e+01  4.9980e-01
9.2000e+01  1.4700e-01
9.3000e+01 -7.8400e-02
9.4000e+01 -4.6060e-01
9.5000e+01 -7.3500e-01
9.6000e+01 -1.1368e+00
9.7000e+01 -1.3622e+00
9.8000e+01 -1.7836e+00
9.9000e+01 -1.8522e+00
1.0000e+02 -2.4108e+00
1.0100e+02 -2.4794e+00
1.0200e+02 -2.8028e+00
1.0300e+02 -3.2830e+00
1.0400e+02 -3.4104e+00
1.0500e+02 -3.7436e+00
1.0600e+02 -4.0572e+00
1.0700e+02 -3.9886e+00
1.0800e+02 -4.3218e+00
1.0900e+02 -4.5864e+00
1.1000e+02 -4.6354e+00
1.1100e+02 -4.7824e+00
1.1200e+02 -4.9294e+00
1.1300e+02 -4.8706e+00
1.1400e+02 -4.8804e+00
1.1500e+02 -4.6648e+00
1.1600e+02 -4.8608e+00
1.1700e+02 -4.6060e+00
1.1800e+02 -4.3904e+00
1.1900e+02 -2.9694e+00
1.2000e+02 -3.2830e+00