0.0000e+00 -4.3708e+00
1.0000e+00 -4.3904e+00
2.0000e+00 -4.2140e+00
3.0000e+00 -4.1454e+00
4.0000e+00 -4.2728e+00
5.0000e+00 -4.0768e+00
6.0000e+00 -3.9886e+00
7.0000e+00 -3.8318e+00
8.0000e+00 -3.7828e+00
9.0000e+00 -3.7240e+00
1.0000e+01 -3.8122e+00
1.1000e+01 -3.6358e+00
1.2000e+01 -3.7142e+00
1.3000e+01 -3.5476e+00
1.4000e+01 -3.4692e+00
1.5000e+01 -3.2046e+00
1.6000e+01 -3.1458e+00
1.7000e+01 -3.1654e+00
1.8000e+01 -2.9890e+00
1.9000e+01 -2.9008e+00
2.0000e+01 -2.9694e+00
2.1000e+01 -3.0282e+00
2.2000e+01 -2.6950e+00
2.3000e+01 -2.7146e+00
2.4000e+01 -2.5676e+00
2.5000e+01 -2.7342e+00
2.6000e+01 -2.3030e+00
2.7000e+01 -2.5284e+00
2.8000e+01 -2.3520e+00
2.9000e+01 -2.3422e+00
3.0000e+01 -2.2932e+00
3.1000e+01 -2.0776e+00
3.2000e+01 -2.0580e+00
3.3000e+01 -2.0188e+00
3.4000e+01 -1.8718e+00
3.5000e+01 -1.7150e+00
3.6000e+01 -1.7346e+00
3.7000e+01 -1.7052e+00
3.8000e+01 -1.6072e+00
3.9000e+01 -1.5386e+00
4.0000e+01 -1.4308e+00
4.1000e+01 -1.2642e+00
4.2000e+01 -1.1368e+00
4.3000e+01 -1.1956e+00
4.4000e+01 -1.1270e+00
4.5000e+01 -8.9180e-01
4.6000e+01 -9.4080e-01
4.7000e+01 -7.5460e-01
4.8000e+01 -8.2320e-01
4.9000e+01 -8.0360e-01
5.0000e+01 -7.3500e-01
5.1000e+01 -6.4680e-01
5.2000e+01 -5.0960e-01
5.3000e+01 -4.2140e-01
5.4000e+01 -4.9000e-01
5.5000e+01 -2.6460e-00
5.6000e+01 -2.8420e-01
5.7000e+01 -1.1760e-01
5.8000e+01 -1.6660e-01
5.9000e+01  2.9400e-02
6.0000e+01  9.8000e-02
6.1000e+01  1.0780e-01
6.2000e+01  2.6460e-01
6.3000e+01  3.2340e-01
6.4000e+01  4.8020e-01
6.5000e+01  4.3120e-01
6.6000e+01  4.0180e-01
6.7000e+01  5.2920e-01
6.8000e+01  6.4680e-01
6.9000e+01  6.0760e-01
7.0000e+01  8.1340e-01
7.1000e+01  8.3300e-01
7.2000e+01  9.1140e-01
7.3000e+01  9.8980e-01
7.4000e+01  1.1172e+00
7.5000e+01  1.2446e+00
7.6000e+01  1.3230e+00
7.7000e+01  1.2446e+00
7.8000e+01  1.5092e+00
7.9000e+01  1.5092e+00
8.0000e+01  1.5680e+00
8.1000e+01  1.7444e+00
8.2000e+01  1.9306e+00
8.3000e+01  1.7150e+00
8.4000e+01  1.8130e+00
8.5000e+01  2.1364e+00
8.6000e+01  2.0090e+00
8.7000e+01  2.0384e+00
8.8000e+01  2.1070e+00
8.9000e+01  2.1462e+00
9.0000e+01  2.3618e+00
9.1000e+01  2.4402e+00
9.2000e+01  2.3226e+00
9.3000e+01  2.5872e+00
9.4000e+01  2.6068e+00
9.5000e+01  2.7636e+00
9.6000e+01  2.7636e+00
9.7000e+01  2.8714e+00
9.8000e+01  2.8616e+00
9.9000e+01  3.0282e+00
1.0000e+02  2.9988e+00
1.0100e+02  3.3222e+00
1.0200e+02  3.1458e+00
1.0300e+02  3.4496e+00
1.0400e+02  3.4888e+00
1.0500e+02  3.3712e+00
1.0600e+02  3.5868e+00
1.0700e+02  3.5868e+00
1.0800e+02  3.5868e+00
1.0900e+02  3.9494e+00
1.1000e+02  3.8808e+00
1.1100e+02  3.8612e+00
1.1200e+02  4.0278e+00
1.1300e+02  4.0670e+00
1.1400e+02  4.0670e+00
1.1500e+02  4.2336e+00
1.1600e+02  4.2826e+00
1.1700e+02  4.5080e+00
1.1800e+02  4.2826e+00
1.1900e+02  4.4492e+00
1.2000e+02  4.5080e+00